0.21525 0.21525
5.729792 0.845583
8.624875 0.407833
9.880292 0.608833
11.522458 0.657833
13.96075 0.451667
17.142875 0.794667
19.672042 0.461542
21.171417 0.326542
23.432792 1.555333
24.30925 0.41425
24.88475 0.549083
29.417333 0.832417
31.462583 0.474375
33.028625 0.341042
38.763042 1.808
42.539875 0.957458
44.977875 0.363292
47.934167 0.619125
49.203833 0.437417
49.903958 0.350167
52.547167 1.102083
55.99025 0.4585
57.232958 0.230667
60.725042 0.923083
63.783583 0.363708
66.914083 0.933833
68.941375 0.46675
72.408417 1.392375
74.033917 0.444667
76.873708 0.780792
78.816375 0.377667
81.849 0.299917
83.611167 0.997
85.201667 0.528208
88.388792 0.468292
91.52625 1.401042
96.7165 0.595583
97.652208 0.475292
99.783125 0.372042
101.962625 0.412667
106.711167 0.882042
111.485125 1.507792
114.484917 0.381458
115.56025 0.227208
120.345 1.038583
122.297875 0.872292
126.991958 0.589083
131.936542 0.507042
135.054417 0.606583
138.122625 0.2835
140.259917 0.946125
145.255042 0.676333
147.365958 0.2045
151.47175 0.953708
154.546667 0.347625
154.897625 0.349
155.81375 0.325083
157.840458 0.923583
160.744708 0.622917
163.898167 0.8385
166.936167 0.908542
168.39425 0.241708
172.564708 3.262958
176.221208 0.6285
177.070042 0.363958
177.3385 0.223542
178.7215 0.258708
182.299167 0.596333
185.213542 0.459958
185.677167 0.271083
189.239167 0.375583
192.905208 1.519917
196.166042 0.428583
196.832625 0.208958
198.296958 0.251083
200.753375 1.0415
201.004792 0.249583
202.752042 0.410875
208.327625 0.792208
208.79375 0.240875
212.161792 0.881167
215.907625 0.275333
216.263083 0.235208
218.72475 0.207875
221.243625 0.276292
224.631917 1.043958
225.109583 0.327708
227.232875 0.445417
229.364708 0.368208
229.641625 0.206417
232.355542 1.002708
233.27075 0.505833
237.405417 0.249375
239.991375 1.071417
245.428542 0.611125
245.913542 0.232333
248.526417 0.439792
252.152375 0.249042
255.779208 0.575125
259.045083 0.849042
259.553375 0.360333
262.693333 0.352833
264.530583 0.622083
265.501958 0.223208
270.233583 0.635208
270.990917 0.509667
272.64725 0.310208
276.519958 0.465417
280.618208 0.689125
280.976917 0.220125
283.109458 0.217417
285.411833 0.802542
290.523292 0.929167
292.578667 0.668083
298.007833 0.807292
300.350167 0.690417
302.972542 0.534125
303.712458 0.31475
305.691375 0.4825
307.531875 0.448167
309.255208 0.553
311.057667 0.551667
314.596625 0.951583
315.034875 0.208417
319.02825 0.868292
321.026667 0.333958
322.553667 0.21575
323.807 0.208917
325.19925 0.201667
327.083292 0.635167
327.294417 0.208958
330.375042 0.663167
336.058333 0.573417
337.76775 0.242375
339.981917 0.317708
343.579917 0.664417
346.366417 0.405417
348.152917 0.251167
349.618458 0.210292
352.964167 0.61525
354.784708 0.314208
357.705125 0.346208
358.017417 0.20275
361.17875 0.72275
362.314833 0.222042
365.207417 0.84125
370.659708 0.716667
371.667042 0.22375
373.630167 0.625208
374.961208 0.533708
375.936083 0.210417
377.62 1.218292
380.237875 0.405792
383.910042 1.277583
386.866167 0.663792
388.466167 0.378542
391.234375 1.840417
394.74625 0.302042
397.608583 1.019333
402.353667 1.044083
404.824167 0.4065
406.133667 0.338417
407.683708 0.517125
409.458333 0.400375
412.951333 1.160458
414.432542 0.331042
416.726208 0.416167
420.272625 1.496958
424.672375 0.734917
426.932167 0.907792
430.076542 0.976958
433.013958 0.397125
435.058792 0.645667
439.21375 1.177
443.358042 0.874958
446.11275 0.747292
446.971125 0.371667
448.872125 0.721208
450.107667 0.490792
453.515708 0.43
455.326917 0.459667
458.524875 1.109958
461.451125 0.365208
463.256458 0.87125
468.338958 0.947
472.09775 0.740167
475.197958 0.417375
476.831458 0.39775
480.871708 1.007542
483.883625 0.996792
486.708625 0.751417
488.321208 0.378167
490.92675 0.615542
492.188833 0.482708
493.24775 0.377417
497.612208 0.263667
499.382375 0.508417
501.641625 0.310625
502.799 0.417792
508.120417 0.3635
513.2095 0.629583
513.813042 0.267458
522.027958 0.399167
526.680667 0.258958
530.311583 0.572042
533.73375 0.376583
536.536125 0.455333
536.75975 0.211583
538.32 0.248292
