0	0.21525
4.884208	5.729792
6.566583	6.754708
8.217042	8.624875
9.271458	9.880292
10.864625	11.522458
13.509083	13.96075
16.348208	17.142875
19.2105	19.672042
20.844875	21.171417
21.877458	23.432792
23.895	24.30925
24.335667	24.88475
28.584917	29.417333
30.988208	31.462583
32.687583	33.028625
34.160583	34.340417
34.411333	34.535167
36.955042	38.763042
41.582417	42.539875
44.614583	44.977875
47.315042	47.934167
47.93475	48.072167
48.766417	49.203833
49.553792	49.903958
51.445083	52.547167
55.53175	55.99025
57.002292	57.232958
59.801958	60.725042
63.419875	63.783583
65.98025	66.914083
68.474625	68.941375
71.016042	72.408417
73.58925	74.033917
76.092917	76.873708
78.438708	78.816375
81.549083	81.849
82.614167	83.611167
84.673458	85.201667
87.9205	88.388792
90.125208	91.52625
92.723417	92.88225
96.120917	96.7165
96.717208	96.8515
97.176917	97.652208
99.411083	99.783125
101.549958	101.962625
103.59775	103.783375
105.829125	106.711167
109.977333	111.485125
114.103458	114.484917
114.4865	114.616625
115.333042	115.56025
116.23575	116.368417
119.306417	120.345
121.425583	122.297875
124.157375	124.354208
126.402875	126.991958
131.4295	131.936542
131.936833	132.134917
134.447833	135.054417
137.839125	138.122625
139.313792	140.259917
144.578708	145.255042
147.161458	147.365958
150.518042	151.47175
153.019125	153.155958
154.199042	154.546667
154.548625	154.897625
155.488667	155.81375
156.916875	157.840458
160.121792	160.744708
163.059667	163.898167
166.027625	166.936167
168.152542	168.39425
169.30175	172.564708
174.617458	174.754292
175.592708	176.221208
176.706083	177.070042
177.114958	177.3385
178.462792	178.7215
181.702833	182.299167
184.753583	185.213542
185.406083	185.677167
188.863583	189.239167
191.385292	192.905208
195.737458	196.166042
196.623667	196.832625
198.045875	198.296958
198.431542	198.614625
199.711875	200.753375
200.755208	201.004792
202.341167	202.752042
204.693	204.846
207.535417	208.327625
208.552875	208.79375
208.85575	209.016333
211.280625	212.161792
215.632292	215.907625
216.027875	216.263083
218.516875	218.72475
220.776958	220.967292
220.967333	221.243625
223.587958	224.631917
224.781875	225.109583
226.787458	227.232875
228.9965	229.364708
229.435208	229.641625
231.352833	232.355542
232.764917	233.27075
237.156042	237.405417
238.919958	239.991375
244.817417	245.428542
245.681208	245.913542
248.086625	248.526417
248.621792	248.763708
251.903333	252.152375
252.277583	252.469042
255.204083	255.779208
258.196042	259.045083
259.193042	259.553375
262.3405	262.693333
263.9085	264.530583
265.107125	265.232458
265.27875	265.501958
269.598375	270.233583
270.48125	270.990917
272.337042	272.64725
276.054542	276.519958
279.929083	280.618208
280.756792	280.976917
282.892042	283.109458
284.609292	285.411833
285.661083	285.789125
289.594125	290.523292
290.80625	290.989417
291.910583	292.578667
292.909417	293.078083
297.200542	298.007833
299.65975	300.350167
300.72225	300.895
302.438417	302.972542
303.397708	303.712458
305.208875	305.691375
305.942083	306.085125
307.083708	307.531875
308.702208	309.255208
310.506	311.057667
313.645042	314.596625
314.826458	315.034875
318.159958	319.02825
319.154417	319.322292
320.692708	321.026667
321.17675	321.309208
322.337917	322.553667
323.598083	323.807
323.960375	324.105042
324.997583	325.19925
326.448125	327.083292
327.085458	327.294417
327.686333	327.809958
329.185458	329.312375
329.711875	330.375042
330.67675	330.81625
332.768292	332.892458
333.546208	333.68375
335.484917	336.058333
336.280792	336.447958
337.525375	337.76775
339.664208	339.981917
340.135958	340.280458
342.9155	343.579917
343.813667	343.939958
345.961	346.366417
346.535333	346.694042
347.90175	348.152917
348.153833	348.332083
349.408167	349.618458
349.775792	349.897375
352.348917	352.964167
353.164208	353.303375
354.4705	354.784708
357.358917	357.705125
357.814667	358.017417
360.456	361.17875
362.092792	362.314833
364.366167	365.207417
369.943042	370.659708
371.443292	371.667042
373.004958	373.630167
374.4275	374.961208
375.725667	375.936083
376.401708	377.62
379.832083	380.237875
382.632458	383.910042
386.202375	386.866167
388.087625	388.466167
389.393958	391.234375
391.918167	392.061625
394.444208	394.74625
396.58925	397.608583
401.309583	402.353667
404.417667	404.824167
405.79525	406.133667
407.166583	407.683708
409.057958	409.458333
411.790875	412.951333
414.1015	414.432542
416.310042	416.726208
418.775667	420.272625
421.079625	421.269125
423.937458	424.672375
426.024375	426.932167
429.099583	430.076542
432.616833	433.013958
434.413125	435.058792
438.03675	439.21375
442.483083	443.358042
445.365458	446.11275
446.599458	446.971125
448.150917	448.872125
449.616875	450.107667
453.085708	453.515708
454.86725	455.326917
457.414917	458.524875
461.085917	461.451125
462.385208	463.256458
467.391958	468.338958
471.357583	472.09775
474.780583	475.197958
476.433708	476.831458
479.864167	480.871708
482.886833	483.883625
485.957208	486.708625
487.943042	488.321208
490.311208	490.92675
491.706125	492.188833
492.870333	493.24775
493.848667	494.039208
497.348542	497.612208
498.873958	499.382375
501.331	501.641625
501.716042	501.8705
502.381208	502.799
506.440042	506.607583
507.756917	508.120417
512.579917	513.2095
513.545583	513.813042
515.183958	515.345208
519.445875	519.566208
521.628792	522.027958
523.102125	523.25325
526.421708	526.680667
529.739542	530.311583
531.504542	531.636083
533.357167	533.73375
536.080792	536.536125
536.548167	536.75975
538.071708	538.32
